2451651 3534603 7938627 1741203 2902522 1100552 3028000 3873618 5752008 2110398 0017995
3534603 7938627 1741203 2902522 1100552 3028000 3873618 5752008 2110398 0017995 7731428
7938627 1741203 2902522 1100552 3028000 3873618 5752008 2110398 0017995 7731428 4814882
1741203 2902522 1100552 3028000 3873618 5752008 2110398 0017995 7731428 4814882 6025851
2902522 1100552 3028000 3873618 5752008 2110398 0017995 7731428 4814882 6025851 2608262
1100552 3028000 3873618 5752008 2110398 0017995 7731428 4814882 6025851 2608262 8144737
3028000 3873618 5752008 2110398 0017995 7731428 4814882 6025851 2608262 8144737 8206308
3873618 5752008 2110398 0017995 7731428 4814882 6025851 2608262 8144737 8206308 9773879
5752008 2110398 0017995 7731428 4814882 6025851 2608262 8144737 8206308 9773879 2955112
2110398 0017995 7731428 4814882 6025851 2608262 8144737 8206308 9773879 2955112 6732786
0017995 7731428 4814882 6025851 2608262 8144737 8206308 9773879 2955112 6732786 6824298
7731428 4814882 6025851 2608262 8144737 8206308 9773879 2955112 6732786 6824298 2589916
4814882 6025851 2608262 8144737 8206308 9773879 2955112 6732786 6824298 2589916 2602089
6025851 2608262 8144737 8206308 9773879 2955112 6732786 6824298 2589916 2602089 2915497
2608262 8144737 8206308 9773879 2955112 6732786 6824298 2589916 2602089 2915497 8507838
8144737 8206308 9773879 2955112 6732786 6824298 2589916 2602089 2915497 8507838 7679324
8206308 9773879 2955112 6732786 6824298 2589916 2602089 2915497 8507838 7679324 1607461
9773879 2955112 6732786 6824298 2589916 2602089 2915497 8507838 7679324 1607461 5806877
2955112 6732786 6824298 2589916 2602089 2915497 8507838 7679324 1607461 5806877 6776442
6732786 6824298 2589916 2602089 2915497 8507838 7679324 1607461 5806877 6776442 9975203